87
93
3
8
59
63
71
82
15
20
3
21
59
44
26
66
89
2
66
63
61
63
49
79
56
18
55
47
67
73
37
49
8
18
49
17
37
5
12
32
59
35
22
55
35
16
71
38
16
81
82
0
8
97
3
36
38
97
38
16
32
55
51
81
45
32
55
50
45
35
56
46
68
95
36
60
37
71
65
27
47
86
7
43
21
41
24
58
40
41
60
54
50
42
36
25
67
12
33
41
61
36
72
3
79
64
42
79
91
12
32
34
42
25
22
63
45
72
73
64
39
92
15
38
5
76
33
97
89
0
84
71
40
92
12
96
76
89
0
71
2
78
30
47
51
40
49
89
85
30
80
23
45
60
90
52
36
2
88
45
6
68
39
28
48
41
48
14
77
42
25
6
83
20
16
67
66
33
45
79
11
44
6
1
44
27
9
56
68
26
26
98
27
21
71
93
91
7
36
62
93
10
36
16
58
61
77
94
16
54
10
60
70
94
57
87
37
34
34
45
28
10
21
12
87
78
65
50
92
88
41
9
10
89
97
72
52
27
12
36
42
96
60
97
81
27
0
54
30
89
21
40
85
35
36
46
62
95
59
26
54
25
91
70
45
19
22
11
44
70
83
88
15
54
18
40
42
87
6
96
21
44
29
70
78
5
61
61
39
67
37
48
64
10
97
18
31
12
69
80
28
49
13
32
34
84
66
84
93
31
10
5
36
93
72
97
69
17
17
30
9
69
10
39
4
95
93
30
68
39
98
49
24
14
51
94
65
33
12
23
19
29
3
18
65
52
35
23
74
70
63
65
15
78
29
20
79
34
51
58
4
5
26
28
95
44
84
43
65
74
20
11
96
60
25
9
45
46
29
29
29
46
65
78
13
36
0
59
69
17
14
46
82
75
26
51
24
86
29
33
39
0
58
11
80
10
1
53
46
84
13
19
37
20
70
43
90
87
22
27
95
48
0
55
26
96
48
74
81
53
49
82
87
27
11
66
37
32
72
28
98
45
51
85
37
50
41
89
4
61
33
91
96
15
25
51
78
69
68
36
73
20
67
18
91
62
1
43
13
31
83
87
27
39
40
71
62
1
97
11
69
35
78
28
39
91
3
89
86
12
57
27
65
71
3
33
77
76
79
4
57
15
46
82
30
95
68
67
22
33
14
90
72
29
81
63
27
43
54
67
40
76
92
26
85
63
93
21
25
35
31
49
72
51
68
47
55
18
48
96
69
35
34
49
30
90
46
37
47
62
2
70
48
60
78
49
18
30
53
27
56
47
43
96
26
5
63
31
29
62
77
41
93
23
30
15
74
14
51
97
13
4
71
90
82
65
9
63
57
89
11
62
66
64
85
22
78
74
17
0
82
87
80
47
91
74
82
98
87
38
87
10
45
55
73
34
47
53
40
4
66
20
83
47
35
96
62
36
90
14
42
76
26
32
70
81
79
42
10
13
56
84
73
8
50
3
0
2
23
47
17
67
92
18
29
19
79
84
67
27
28
53
80
62
20
57
88
63
72
88
12
80
81
83
29
50
39
31
97
65
31
38
89
9
82
28
40
53
89
82
18
41
57
93
6
89
4
16
80
41
1
8
66
86
5
23
17
21
38
23
53
3
74
25
94
5
57
67
12
66
98
1
90
25
38
20
64
51
10
91
35
56
6
71
41
37
92
96
43
42
43
94
59
46
6
66
33
28
91
5
49
28
49
55
27
3
95
74
15
69
37
63
60
42
62
51
52
40
30
74
31
21
65
23
93
74
60
70
0
88
48
41
55
44
83
86
54
25
9
46
19
42
20
40
34
14
88
76
46
6
82
67
47
13
22
14
70
27
21
83
13
80
14
53
52
60
26
74
70
43
63
35
17
18
47
15
79
94
75
62
27
67
61
20
10
23
17
63
18
63
56
29
2
4
97
25
86
38
5
24
40
62
21
19
60
62
75
98
18
30
6
76
96
14
57
93
35
15
66
55
17
29
75
39
90
80
27
47
70
40
53
52
58
12
63
0
31
45
96
66
50
40
97
69
54
56
78
78
82
66
14
56
70
90
63
40
39
56
2
13
94
97
52
47
30
2
45
53
11
14
2
87
16
61
32
49
6
93
57
93
27
31
90
47
34
60
42
29
75
94
54
69
94
86
59
20
9
95
21
54
48
98
93
66
75
21
6
26
22
22
61
24
30
40
68
44
75
90
96
97
97
48
64
68
77
76
68
31
56
65
86
16
64
4
0
64
73
7
68
84
19
32
70
39
47
14
52
67
2
68
31
58
58
33
76
78
1
1
64
20
59
63
88
91
62
18
33
37
26
68
88
41
84
63
66
42
23
23
71
92
2
67
1
16
19
74
76
94
20
90
6
92
70
81
51
91
77
21
47
52
87
13
96
21
20
37
76
18
30
41
3
53
70
11
62
32
88
58
69
2
83
36
0
24
2
25
72
76
26
12
54
20
39
28
64
23
37
46
35
96
89
60
1
22
44
82
98
42
31
50
16
43
94
9
11
19
44
66
35
54
92
22
20
4
65
7
59
5
62
33
5
20
44
98
56
43
9
54
74
67
61
24
69
45
24
7
55
76
40
27
87
47
26
63
31
46
42
96
30
50
6
10
10
30
4
58
58
53
36
62
55
74
3
57
73
38
89
69
33
25
83
25
41
79
70
50
41
75
17
48
72
70
27
80
28
49
48
91
90
38
75
95
56
33
39
36
60
40
79
8
47
57
72
63
37
25
92
60
81
29
4
92
25
71
71
98
95
90
3
5
28
87
84
37
69
19
26
23
4
34
56
12
56
31
83
77
23
75
64
74
57
45
63
12
49
59
6
24
76
58
66
76
68
87
17
12
0
16
94
39
83
7
92
67
17
79
7
20
13
66
26
46
4
89
8
49
30
23
15
21
34
76
24
15
61
2
34
97
93
63
21
12
96
88
89
47
58
72
95
14
47
35
10
58
34
38
77
95
64
43
9
54
76
9
93
21
81
1
92
31
78
6
79
28
80
43
33
23
49
3
86
34
29
26
49
2
38
97
53
33
81
80
83
27
3
10
74
3
86
75
47
83
78
80
67
58
84
69
28
41
93
20
24
66
83
25
39
49
82
86
41
45
31
92
95
11
17
60
21
86
28
90
23
32
57
14
16
87
54
45
64
24
21
78
57
87
70
53
91
47
54
45
80
85
19
29
88
23
48
39
19
79
45
41
18
92
34
54
62
12
62
83
76
32
3
44
48
20
27
82
29
0
8
14
37
16
8
55
34
96
36
78
89
37
8
30
60
62
19
10
19
49
54
41
25
55
69
15
44
21
73
10
89
73
59
38
18
93
56
57
25
95
29
56
93
72
49
59
7
14
29
31
97
10
40
26
64
63
46
90
68
34
34
55
61
1
81
41
60
46
33
69
82
23
37
71
68
73
43
42
89
94
22
87
34
81
94
63
49
86
90
69
67
75
31
17
20
93
41
22
57
78
69
85
17
74
3
52
52
68
69
20
3
89
6
96
67
79
17
61
15
53
57
84
79
94
90
52
17
57
43
22
51
71
79
96
97
82
29
53
57
91
28
12
49
88
76
49
13
3
87
36
2
55
56
68
69
55
20
18
50
23
21
22
56
19
23
7
86
12
22
85
23
93
41
63
8
3
23
78
0
61
85
28
52
78
35
61
67
95
1
28
94
72
21
98
63
49
37
80
67
40
90
28
15
66
1
26
79
0
56
28
0
14
9
90
45
57
63
45
82
17
52
77
19
83
46
17
61
89
9
63
49
91
62
82
8
1
4
36
46
83
22
70
14
61
53
62
21
90
42
23
27
38
7
86
51
68
84
84
48
15
18
34
65
55
58
1
12
60
39
32
1
92
22
18
56
64
86
9
25
83
4
14
4
86
58
1
41
33
1
33
56
33
19
38
35
59
75
60
89
94
56
60
3
45
23
86
96
17
93
55
45
52
46
13
11
57
26
17
68
26
15
73
66
63
91
45
36
25
41
14
7
58
84
28
2
94
80
47
98
36
10
84
82
59
58
52
10
0
87
71
40
18
39
65
39
49
37
84
32
79
65
77
77
78
44
38
81
46
40
37
13
7
24
29
0
3
73
28
5
79
23
43
45
53
6
71
27
57
38
15
6
52
64
7
50
24
90
75
73
68
62
58
71
56
73
20
2
33
20
30
91
65
37
27
95
52
50
22
18
18
60
66
57
21
91
4
73
24
69
75
92
75
23
30
34
68
4
42
11
43
94
41
18
93
91
13
15
74
87
58
47
51
30
14
6
45
28
7
14
84
93
37
47
5
31
31
38
35
32
36
62
65
38
40
9
55
7
47
28
25
42
95
42
35
41
31
51
58
92
22
55
65
27
29
62
60
28
97
95
49
61
14
87
52
32
62
7
59
80
96
87
45
74
62
43
53
43
69
41
33
1
34
41
41
7
36
78
52
8
13
0
27
0
16
35
63
91
76
76
21
76
80
3
25
55
57
47
89
59
13
98
10
45
50
2
27
59
88
69
3
9
47
76
80
42
82
67
27
92
14
24
28
28
24
14
1
41
78
37
4
84
71
61
10
32
40
27
98
51
48
33
57
32
90
40
16
49
70
94
26
80
17
77
29
11
77
57
93
97
80
28
49
13
45
72
90
33
90
24
62
47
69
3
42
34
40
6
78
87
78
94
40
26
36
87
1
31
40
80
15
20
93
98
77
48
13
80
7
93
70
19
29
95
13
23
45
38
75
92
29
64
27
57
23
51
47
88
35
85
68
55
13
6
80
45
80
40
14
4
97
55
3
38
31
16
42
53
36
29
90
93
65
33
33
23
33
10
20
77
6
34
82
27
96
23
48
9
20
2
42
97
86
40
48
44
51
29
68
42
11
60
18
34
72
89
49
45
95
39
1
49
62
44
53
70
96
31
91
42
94
60
30
79
13
48
2
49
90
72
80
17
74
45
96
89
23
34
1
42
28
56
57
58
94
49
92
83
2
95
15
39
98
87
53
63
62
6
86
68
42
65
19
49
46
65
47
3
95
28
74
75
81
40
25
36
26
75
21
84
30
55
58
1
13
50
21
57
41
43
81
71
19
63
38
37
12
54
85
56
62
18
17
23
64
46
24
25
78
90
43
44
80
87
14
72
86
58
90
59
42
13
25
64
69
56
17
61
85
7
36
42
74
50
79
72
65
9
75
79
68
15
94
23
19
21
55
13
59
28
58
18
60
38
65
66
62
59
48
60
30
61
95
85
27
56
73
4
66
85
85
75
72
49
98
51
40
49
39
35
64
33
86
3
96
10
87
23
50
44
80
76
78
4
88
71
24
31
72
8
56
76
32
93
24
77
96
4
68
94
35
79
79
82
2
27
9
3
78
9
5
67
45
25
22
50
76
22
15
69
24
82
29
91
22
7
78
76
91
20
35
63
19
61
54
78
23
82
58
